(50,20) (41.8683,34.0846) (64.0846,28.1317) (35.9154,11.8683) (58.1317,5.91543)
(50.2708,20.2191) (42.0879,34.274) (64.3257,28.402) (36.2159,12.0362) (58.4537,6.16419)
(50.5416,20.4382) (42.3076,34.4633) (64.5666,28.6721) (36.5165,12.2043) (58.7755,6.41314)
(50.8123,20.6573) (42.5275,34.6524) (64.8074,28.9422) (36.8173,12.3725) (59.0972,6.66227)
(51.0831,20.8764) (42.7474,34.8413) (65.0479,29.2121) (37.1183,12.5407) (59.4188,6.91158)
(51.3539,21.0955) (42.9675,35.03) (65.2883,29.4819) (37.4194,12.7091) (59.7403,7.16108)
(51.6247,21.3146) (43.1877,35.2185) (65.5285,29.7516) (37.7208,12.8776) (60.0616,7.41076)
(51.8954,21.5337) (43.408,35.4068) (65.7685,30.0212) (38.0223,13.0463) (60.3829,7.66063)
(52.1662,21.7528) (43.6284,35.595) (66.0083,30.2907) (38.324,13.215) (60.704,7.91068)
(52.437,21.9719) (43.8489,35.783) (66.248,30.56) (38.6259,13.3838) (61.0251,8.16091)
(52.7077,22.191) (44.0695,35.9708) (66.4874,30.8293) (38.928,13.5528) (61.346,8.41133)
(52.9785,22.4101) (44.2902,36.1584) (66.7267,31.0984) (39.2303,13.7219) (61.6668,8.66192)
(53.2492,22.6293) (44.511,36.3458) (66.9658,31.3675) (39.5327,13.8911) (61.9874,8.9127)
(53.5199,22.8484) (44.7319,36.5331) (67.2046,31.6364) (39.8352,14.0604) (62.3079,9.16366)
(53.7906,23.0675) (44.9529,36.7202) (67.4432,31.9051) (40.1379,14.2298) (62.6282,9.4148)
(54.0612,23.2866) (45.174,36.9071) (67.6817,32.1738) (40.4407,14.3994) (62.9484,9.66612)
(54.3319,23.5057) (45.3952,37.0938) (67.92,32.4424) (40.7438,14.5691) (63.2685,9.91763)
(54.6025,23.7248) (45.6165,37.2804) (68.158,32.7108) (41.047,14.7389) (63.5885,10.1693)
(54.8731,23.944) (45.838,37.4668) (68.3959,32.9791) (41.3503,14.9088) (63.9083,10.4212)
(55.1438,24.1631) (46.0595,37.653) (68.6336,33.2473) (41.6539,15.0789) (64.228,10.6732)
(55.4144,24.3822) (46.2812,37.839) (68.8712,33.5154) (41.9576,15.249) (64.5476,10.9254)
(55.685,24.6013) (46.503,38.0248) (69.1085,33.7833) (42.2615,15.4193) (64.867,11.1778)
(55.9556,24.8204) (46.7249,38.2105) (69.3457,34.0512) (42.5655,15.5897) (65.1863,11.4304)
(56.2261,25.0396) (46.9468,38.396) (69.5826,34.3189) (42.8697,15.7603) (65.5054,11.6831)
(56.4966,25.2587) (47.1689,38.5814) (69.8193,34.5864) (43.1739,15.931) (65.8243,11.936)
(56.7668,25.4779) (47.3908,38.7666) (70.0556,34.8539) (43.4781,16.1019) (66.1428,12.1891)
(57.037,25.6971) (47.6129,38.9517) (70.2916,35.1212) (43.7823,16.2729) (66.4611,12.4424)
(57.3071,25.9162) (47.8349,39.1366) (70.5275,35.3884) (44.0867,16.4441) (66.7792,12.6959)
(57.5772,26.1354) (48.0572,39.3214) (70.7631,35.6554) (44.3912,16.6154) (67.0972,12.9495)
(57.8472,26.3546) (48.2795,39.506) (70.9986,35.9224) (44.6959,16.7868) (67.415,13.2033)
(58.1173,26.5738) (48.5019,39.6904) (71.2339,36.1892) (45.0007,16.9584) (67.7327,13.4572)
(58.3873,26.793) (48.7244,39.8746) (71.4689,36.4558) (45.3057,17.1301) (68.0502,13.7114)
(58.6573,27.0122) (48.9471,40.0587) (71.7038,36.7224) (45.6108,17.302) (68.3675,13.9657)
(58.9272,27.2314) (49.1698,40.2426) (71.9385,36.9888) (45.916,17.4739) (68.6847,14.2201)
(59.1971,27.4506) (49.3926,40.4264) (72.1729,37.2551) (46.2213,17.6461) (69.0016,14.4748)
(59.4667,27.6698) (49.6153,40.6101) (72.4069,37.5212) (46.5265,17.8184) (69.3181,14.7296)
(59.736,27.8891) (49.8379,40.7936) (72.6405,37.7872) (46.8315,17.991) (69.6341,14.9846)
(60.0044,28.1085) (50.0598,40.9772) (72.8732,38.053) (47.1356,18.1639) (69.949,15.2397)
(60.2725,28.3279) (50.2817,41.1608) (73.1054,38.3187) (47.4396,18.337) (70.2633,15.495)
(60.5403,28.5473) (50.5034,41.3442) (73.3372,38.5842) (47.7435,18.5104) (70.5773,15.7504)
(60.8081,28.7668) (50.7253,41.5275) (73.5688,38.8496) (48.0474,18.6839) (70.891,16.006)
(61.0758,28.9862) (50.9471,41.7106) (73.8002,39.1149) (48.3514,18.8576) (71.2044,16.2618)
(61.3434,29.2057) (51.1691,41.8936) (74.0313,39.38) (48.6555,19.0314) (71.5177,16.5177)
(61.6109,29.4252) (51.3911,42.0765) (74.2623,39.645) (48.9596,19.2054) (71.8307,16.7738)
(61.8784,29.6446) (51.6132,42.2592) (74.4929,39.9098) (49.2639,19.3795) (72.1436,17.0301)
(62.1456,29.8642) (51.8352,42.4418) (74.7232,40.1745) (49.5679,19.5538) (72.4559,17.2865)
(62.4124,30.0837) (52.0571,42.6243) (74.953,40.439) (49.8718,19.7284) (72.7677,17.5431)
(62.6781,30.3034) (52.2781,42.807) (75.1817,40.7034) (50.1745,19.9034) (73.0781,17.7998)
(62.9427,30.5232) (52.4983,42.9898) (75.4093,40.9676) (50.4761,20.0788) (73.3871,18.0566)
(63.2036,30.7434) (52.7156,43.1733) (75.6335,41.2314) (50.7737,20.2555) (73.6915,18.3135)
(63.4633,30.9638) (52.9321,43.3571) (75.8566,41.495) (51.07,20.4326) (73.9945,18.5705)
(63.7219,31.1843) (53.1477,43.5409) (76.0785,41.7585) (51.3653,20.6101) (74.2961,18.8277)
(63.9802,31.4048) (53.3632,43.7247) (76.3001,42.0218) (51.6603,20.7878) (74.5971,19.0849)
(64.2381,31.6254) (53.5785,43.9084) (76.5211,42.285) (51.955,20.9658) (74.8976,19.3423)
(64.4958,31.846) (53.7938,44.0921) (76.7419,42.548) (52.2497,21.144) (75.1978,19.5999)
(64.7532,32.0666) (54.0089,44.2757) (76.9622,42.8109) (52.5441,21.3224) (75.4974,19.8576)
(65.0102,32.2873) (54.2239,44.4592) (77.1821,43.0736) (52.8383,21.501) (75.7965,20.1154)
(65.266,32.5081) (54.4379,44.6429) (77.4008,43.3362) (53.1312,21.68) (76.0941,20.3733)
(65.5205,32.7291) (54.651,44.8268) (77.6182,43.5985) (53.4228,21.8596) (76.39,20.6314)
(65.7704,32.9505) (54.8604,45.0117) (77.8316,43.8605) (53.7092,22.0405) (76.6804,20.8894)
(66.0157,33.1726) (55.0661,45.1977) (78.0409,44.1222) (53.9906,22.2229) (76.9654,21.1474)
(66.2458,33.3963) (55.2591,45.3876) (78.2371,44.3831) (54.2545,22.4095) (77.2326,21.405)
(66.4713,33.6206) (55.4483,45.5786) (78.4293,44.6436) (54.5133,22.5976) (77.4943,21.6626)
(66.6921,33.8454) (55.6337,45.7706) (78.6173,44.9038) (54.7668,22.787) (77.7505,21.9201)
(66.9115,34.0703) (55.818,45.963) (78.8041,45.1638) (55.0189,22.9769) (78.005,22.1777)
(67.1294,34.2955) (56.0012,46.1556) (78.9896,45.4237) (55.2693,23.1672) (78.2577,22.4354)
(67.3467,34.5207) (56.1839,46.3483) (79.1743,45.6835) (55.5191,23.3579) (78.5095,22.6931)
(67.5625,34.7461) (56.3655,46.5413) (79.3577,45.9431) (55.7673,23.5491) (78.7595,22.9509)
(67.7769,34.9716) (56.5459,46.7346) (79.5398,46.2025) (56.0139,23.7407) (79.0078,23.2087)
(67.9863,35.1977) (56.7224,46.929) (79.7176,46.4616) (56.255,23.9338) (79.2503,23.4664)
(68.1904,35.4244) (56.8943,47.1248) (79.8908,46.7205) (56.49,24.1284) (79.4864,23.724)
(68.3757,35.6533) (57.0506,47.3255) (80.048,46.9784) (56.7034,24.3282) (79.7008,23.981)
(68.5423,35.8843) (57.1911,47.5312) (80.1892,47.2355) (56.8954,24.5331) (79.8935,24.2374)
(68.6465,36.1224) (57.2791,47.7534) (80.2775,47.4899) (57.0155,24.7549) (80.014,24.4914)
(68.732,36.3626) (57.3512,47.9806) (80.35,47.7434) (57.1141,24.9818) (80.1129,24.7447)
(68.7988,36.605) (57.4076,48.2127) (80.4066,47.9962) (57.1911,25.2138) (80.1901,24.9973)
(68.8602,36.848) (57.4594,48.4464) (80.4585,48.2488) (57.2618,25.4472) (80.261,25.2496)
(68.9167,37.0915) (57.5071,48.6813) (80.5064,48.5011) (57.327,25.682) (80.3263,25.5018)
(68.9717,37.3353) (57.5536,48.9165) (80.553,48.7534) (57.3904,25.9171) (80.3899,25.754)
(69.0253,37.5792) (57.5988,49.1522) (80.5983,49.0056) (57.4522,26.1527) (80.4517,26.0061)
(69.0782,37.8231) (57.6435,49.3881) (80.6431,49.2578) (57.5132,26.3884) (80.5128,26.2582)
(69.1296,38.0673) (57.6869,49.6243) (80.6866,49.5099) (57.5725,26.6246) (80.5723,26.5102)
(69.1796,38.3115) (57.7292,49.8609) (80.729,49.762) (57.6302,26.8611) (80.63,26.7622)
(69.225,38.5564) (57.7675,50.0988) (80.7674,50.0138) (57.6826,27.0989) (80.6824,27.014)
(69.2657,38.8017) (57.802,50.3378) (80.8019,50.2655) (57.7296,27.3379) (80.7295,27.2656)
(69.2913,39.0488) (57.8235,50.581) (80.8234,50.5165) (57.7591,27.5811) (80.759,27.5166)
(69.3122,39.2964) (57.8412,50.8254) (80.8411,50.7674) (57.7832,27.8255) (80.7831,27.7675)
(69.3285,39.5446) (57.855,51.071) (80.855,51.0181) (57.8021,28.0711) (80.802,28.0181)
(69.3435,39.7928) (57.8677,51.317) (80.8677,51.2687) (57.8194,28.317) (80.8193,28.2687)
(69.3573,40.0413) (57.8794,51.5633) (80.8793,51.5192) (57.8353,28.5633) (80.8353,28.5193)
(69.3708,40.2897) (57.8908,51.8097) (80.8907,51.7698) (57.8509,28.8097) (80.8508,28.7698)
(69.3839,40.5382) (57.9018,52.0562) (80.9018,52.0203) (57.866,29.0562) (80.866,29.0203)
(69.3968,40.7868) (57.9128,52.3027) (80.9127,52.2708) (57.8809,29.3027) (80.8809,29.2708)
(69.4094,41.0353) (57.9234,52.5493) (80.9234,52.5213) (57.8954,29.5493) (80.8954,29.5213)
(69.4216,41.2839) (57.9337,52.796) (80.9337,52.7718) (57.9095,29.796) (80.9095,29.7718)
(69.4327,41.5327) (57.9431,53.043) (80.9431,53.0223) (57.9224,30.0431) (80.9223,30.0223)
(69.4427,41.7815) (57.9516,53.2904) (80.9516,53.2727) (57.9339,30.2904) (80.9339,30.2727)
(69.4489,42.0308) (57.9568,53.5387) (80.9568,53.5229) (57.9411,30.5387) (80.9411,30.5229)
(69.4541,42.2802) (57.9612,53.7873) (80.9612,53.7731) (57.947,30.7873) (80.947,30.7731)
(69.4581,42.5298) (57.9645,54.0362) (80.9645,54.0233) (57.9516,31.0363) (80.9516,31.0233)
(69.4617,42.7794) (57.9676,54.2853) (80.9676,54.2734) (57.9558,31.2853) (80.9558,31.2735)
(69.4651,43.029) (57.9705,54.5344) (80.9705,54.5236) (57.9597,31.5344) (80.9597,31.5236)
(69.4684,43.2786) (57.9733,54.7835) (80.9733,54.7737) (57.9635,31.7835) (80.9635,31.7737)
(69.4716,43.5282) (57.976,55.0326) (80.976,55.0238) (57.9672,32.0326) (80.9672,32.0238)
(69.4748,43.7779) (57.9787,55.2818) (80.9787,55.274) (57.9709,32.2818) (80.9709,32.274)
(69.4778,44.0275) (57.9813,55.5309) (80.9813,55.5241) (57.9744,32.5309) (80.9744,32.5241)
(69.4808,44.2772) (57.9838,55.7801) (80.9838,55.7742) (57.9779,32.7801) (80.9779,32.7742)
(69.4836,44.5269) (57.9861,56.0294) (80.9861,56.0243) (57.981,33.0294) (80.981,33.0243)
(69.486,44.7766) (57.9882,56.2788) (80.9882,56.2744) (57.9838,33.2788) (80.9838,33.2744)
(69.4875,45.0264) (57.9894,56.5283) (80.9894,56.5245) (57.9856,33.5283) (80.9856,33.5245)
(69.4888,45.2763) (57.9905,56.778) (80.9905,56.7745) (57.987,33.778) (80.987,33.7745)
(69.4897,45.5262) (57.9913,57.0277) (80.9913,57.0246) (57.9882,34.0277) (80.9882,34.0246)
(69.4906,45.7761) (57.9921,57.2775) (80.9921,57.2746) (57.9892,34.2775) (80.9892,34.2746)
(69.4915,46.026) (57.9928,57.5273) (80.9928,57.5246) (57.9902,34.5273) (80.9902,34.5246)
(69.4923,46.2759) (57.9935,57.7771) (80.9935,57.7747) (57.9911,34.7771) (80.9911,34.7747)
(69.4931,46.5258) (57.9941,58.0269) (80.9941,58.0247) (57.992,35.0269) (80.992,35.0247)
(69.4938,46.7757) (57.9948,58.2766) (80.9948,58.2747) (57.9929,35.2766) (80.9929,35.2747)
(69.4946,47.0256) (57.9954,58.5264) (80.9954,58.5248) (57.9938,35.5264) (80.9938,35.5248)
(69.4953,47.2755) (57.996,58.7762) (80.996,58.7748) (57.9946,35.7762) (80.9946,35.7748)
(69.496,47.5254) (57.9966,59.0261) (80.9966,59.0248) (57.9954,36.0261) (80.9954,36.0248)
(69.4966,47.7754) (57.9971,59.2759) (80.9971,59.2749) (57.9961,36.2759) (80.9961,36.2749)
(69.497,48.0253) (57.9974,59.5258) (80.9974,59.5249) (57.9965,36.5258) (80.9965,36.5249)
(69.4973,48.2753) (57.9977,59.7757) (80.9977,59.7749) (57.9968,36.7757) (80.9968,36.7749)
(69.4975,48.5253) (57.9979,60.0257) (80.9979,60.0249) (57.9971,37.0257) (80.9971,37.0249)
(69.4977,48.7752) (57.9981,60.2756) (80.9981,60.2749) (57.9974,37.2756) (80.9974,37.2749)
(69.4979,49.0252) (57.9983,60.5255) (80.9983,60.5249) (57.9976,37.5255) (80.9976,37.5249)
(69.4981,49.2752) (57.9984,60.7755) (80.9984,60.7749) (57.9978,37.7755) (80.9978,37.7749)
(69.4983,49.5252) (57.9986,61.0254) (80.9986,61.0249) (57.9981,38.0254) (80.9981,38.0249)
(69.4985,49.7752) (57.9988,61.2754) (80.9988,61.2749) (57.9983,38.2754) (80.9983,38.2749)
(69.4987,50.0251) (57.9989,61.5253) (80.9989,61.5249) (57.9985,38.5253) (80.9985,38.5249)
(69.4989,50.2751) (57.9991,61.7753) (80.9991,61.7749) (57.9987,38.7753) (80.9987,38.7749)
(69.4991,50.5251) (57.9992,62.0252) (80.9992,62.025) (57.9989,39.0252) (80.9989,39.025)
(69.4992,50.7751) (57.9993,62.2752) (80.9993,62.275) (57.9991,39.2752) (80.9991,39.275)
(69.4993,51.0251) (57.9994,62.5252) (80.9994,62.525) (57.9992,39.5252) (80.9992,39.525)
(69.4994,51.2751) (57.9995,62.7752) (80.9995,62.775) (57.9993,39.7752) (80.9993,39.775)
(69.4995,51.5251) (57.9995,63.0251) (80.9995,63.025) (57.9994,40.0251) (80.9994,40.025)
(69.4995,51.775) (57.9996,63.2751) (80.9996,63.275) (57.9995,40.2751) (80.9995,40.275)
(69.4996,52.025) (57.9997,63.5251) (80.9997,63.525) (57.9995,40.5251) (80.9995,40.525)
(69.4997,52.275) (57.9997,63.7751) (80.9997,63.775) (57.9996,40.7751) (80.9996,40.775)
(69.4997,52.525) (57.9998,64.0251) (80.9998,64.025) (57.9997,41.0251) (80.9997,41.025)
(69.4998,52.775) (57.9998,64.2751) (80.9998,64.275) (57.9997,41.2751) (80.9997,41.275)
(69.4998,53.025) (57.9999,64.525) (80.9999,64.525) (57.9998,41.525) (80.9998,41.525)
(69.4999,53.275) (57.9999,64.775) (80.9999,64.775) (57.9999,41.775) (80.9999,41.775)
(69.4999,53.525) (58,65.025) (81,65.025) (57.9999,42.025) (80.9999,42.025)
(69.5,53.775) (58,65.275) (81,65.275) (58,42.275) (81,42.275)
DEBUG: execution time  is 2.55789 ms.
